```sql
+-------+--------------------+-------+------+------------------------+-----------------------------------+------------------+-----------------------------------+-----+-----------+
| sr_id |      user_id       | level | gold | dragon_collector_point |                time               | dragons_unlocked |         gold_collected_at         | exp | total_exp |
+-------+--------------------+-------+------+------------------------+-----------------------------------+------------------+-----------------------------------+-----+-----------+
|   10  | 527065044094287882 |   2   | 8267 |           0            | 1647876266.1941401958465576171875 |        1         |  1650115426.244287967681884765625 |  28 |    500    |
|   15  | 680394987673878561 |   1   | 1000 |           0            |  1649086232.067084789276123046875 |        1         |                 0                 |  0  |    250    |
|   11  | 477181610974904341 |   1   | 1495 |           0            | 1647876606.3415377140045166015625 |        1         | 1649688408.4919574260711669921875 |  0  |    250    |
|   13  | 531179463673774080 |   1   | 280  |           0            | 1647891464.9208199977874755859375 |        1         |  1648017653.636626720428466796875 |  0  |    250    |
|   12  | 711160419397533718 |   1   | 1000 |           0            | 1647879406.8656780719757080078125 |        1         |                 0                 |  0  |    250    |
|   14  | 607160769150189589 |   1   | 460  |           0            |  1647967662.645997524261474609375 |        1         |  1647967674.594517230987548828125 |  0  |    250    |
+-------+--------------------+-------+------+------------------------+-----------------------------------+------------------+-----------------------------------+-----+-----------+
``````sql
+-------+--------------------+-------+------+------------------------+-----------------------------------+------------------+-----------------------------------+-----+-----------+
| sr_id |      user_id       | level | gold | dragon_collector_point |                time               | dragons_unlocked |         gold_collected_at         | exp | total_exp |
+-------+--------------------+-------+------+------------------------+-----------------------------------+------------------+-----------------------------------+-----+-----------+
|   10  | 527065044094287882 |   2   | 8267 |           0            | 1647876266.1941401958465576171875 |        1         |  1650115426.244287967681884765625 |  28 |    500    |
|   15  | 680394987673878561 |   1   | 1000 |           0            |  1649086232.067084789276123046875 |        1         |                 0                 |  0  |    250    |
|   11  | 477181610974904341 |   1   | 1495 |           0            | 1647876606.3415377140045166015625 |        1         | 1649688408.4919574260711669921875 |  0  |    250    |
|   13  | 531179463673774080 |   1   | 280  |           0            | 1647891464.9208199977874755859375 |        1         |  1648017653.636626720428466796875 |  0  |    250    |
|   12  | 711160419397533718 |   1   | 1000 |           0            | 1647879406.8656780719757080078125 |        1         |                 0                 |  0  |    250    |
|   14  | 607160769150189589 |   1   | 460  |           0            |  1647967662.645997524261474609375 |        1         |  1647967674.594517230987548828125 |  0  |    250    |
+-------+--------------------+-------+------+------------------------+-----------------------------------+------------------+-----------------------------------+-----+-----------+
```